2.091000000000065029e-03
4.747199999999995867e-02
1.555000000000017479e-02
2.165999999999890235e-03
-2.613199999999959999e-02
4.406899999999991380e-02
1.381399999999999295e-02
2.884600000000014930e-02
8.049999999999890576e-03
2.479100000000000747e-02
-4.627000000000158764e-03
1.428399999999996339e-02
-2.472600000000024778e-02
-1.040300000000016212e-02
3.791999999999795534e-03
-3.978000000000037062e-03
-2.649399999999957345e-02
1.138100000000008549e-02
5.380000000001494698e-04
-5.930000000002877414e-04
-4.654799999999958970e-02
2.040599999999992420e-02
-2.965399999999984715e-02
-3.801000000000165358e-03
1.732399999999989504e-02
3.563999999999989399e-02
1.120099999999979445e-02
3.512899999999996581e-02
-2.693299999999965166e-02
2.397000000000204523e-03
-2.969799999999978013e-02
1.608000000000053831e-03
-2.477999999999980218e-02
-1.822999999999908027e-03
-4.287999999999847489e-03
-3.863500000000019696e-02
1.989000000000018531e-03
4.004999999999814264e-03
1.054699999999986204e-02
3.721899999999989106e-02
-3.535399999999988552e-02
3.058499999999986230e-02
-3.266900000000028115e-02
2.446700000000001651e-02
-1.273000000000301668e-03
1.697900000000007736e-02
-2.939199999999964064e-02
3.037700000000009837e-02
8.585000000000064801e-03
2.517300000000011195e-02
-4.934999999999689635e-03
1.418900000000000716e-02
-3.281299999999998107e-02
-1.771999999999884778e-03
-5.009999999998626663e-04
-3.588999999999842316e-03
-2.140100000000000335e-02
4.171699999999978203e-02
1.264300000000018187e-02
1.052400000000019986e-02
-5.916799999999966531e-02
2.680099999999985272e-02
2.402300000000012759e-02
-3.910199999999974807e-02
4.488999999999965240e-03
3.251999999999810598e-03
1.348999999999822563e-03
1.819799999999993645e-02
4.769000000000023221e-03
7.041000000000074976e-03
3.209000000000017394e-03
2.676000000000122725e-03
2.724000000000170729e-03
-5.921999999999982833e-03
-3.558799999999973096e-02
-1.427300000000020219e-02
4.722000000000114994e-03
4.738199999999981316e-02
-1.898200000000027643e-02
3.536500000000009081e-02
-2.262699999999995271e-02
2.164900000000002933e-02
-1.603200000000004621e-02
3.760399999999997078e-02
-2.327000000000190028e-03
-4.313999999999929003e-03
-1.296599999999958897e-02
-3.369399999999966866e-02
-3.502799999999961500e-02
2.302999999999943981e-03
-4.496699999999975716e-02
-1.393000000000199634e-03
1.255199999999989657e-02
3.081500000000003681e-02
-3.160600000000002296e-02
4.081899999999993867e-02
-3.639700000000001268e-02
-3.449999999999953104e-03
-1.627699999999965286e-02
-2.696300000000029229e-02
-2.370800000000006236e-02
3.563399999999994350e-02
-2.100699999999999790e-02
2.794600000000002638e-02
2.162000000000219302e-03
3.204599999999979687e-02
9.262000000000103483e-03
3.484299999999995734e-02
-1.129200000000007975e-02
5.129000000000161208e-03
-3.646700000000002717e-02
2.356200000000008288e-02
-3.566100000000016479e-02
-7.184999999999774900e-03
-1.039200000000040092e-02
-2.022700000000021703e-02
1.351999999999797808e-03
3.094600000000014006e-02
1.068200000000008032e-02
1.720800000000011210e-02
-1.112430999999999948e+00
5.456179999999999364e-01
5.736639999999999517e-01
-1.143772000000000233e+00
5.191630000000000411e-01
6.005359999999999587e-01
-1.165383000000000280e+00
5.850310000000000787e-01
5.721260000000000234e-01
-1.132048000000000165e+00
5.534839999999999760e-01
5.637369999999999326e-01
-1.126720999999999862e+00
5.722380000000000244e-01
5.693380000000000107e-01
-1.140056999999999654e+00
5.443419999999999925e-01
5.645109999999999850e-01
-1.182337999999999667e+00
5.919799999999999507e-01
5.817490000000000716e-01
-1.142089000000000354e+00
5.416670000000000096e-01
5.761350000000000637e-01
-1.131408000000000413e+00
5.749040000000000816e-01
5.320190000000000197e-01
-1.148930000000000007e+00
5.455820000000000114e-01
5.910039999999999738e-01
-1.237797999999999732e+00
5.930679999999999286e-01
6.446180000000000243e-01
-1.167524000000000228e+00
6.012850000000000694e-01
5.956839999999999913e-01
-1.138587000000000238e+00
5.266199999999999770e-01
5.654620000000000202e-01
-1.312950999999999979e+00
6.029880000000000795e-01
6.731460000000000221e-01
-1.179146000000000249e+00
5.902629999999999821e-01
5.602810000000000290e-01
-1.177683000000000035e+00
5.823389999999999400e-01
5.713770000000000238e-01
-1.111623999999999945e+00
5.814960000000000129e-01
5.215460000000000651e-01
9.182679999999994180e-01
-7.489540000000003417e-01
